2463
15297
17551
11320
4082
29140
19824
32132
4218
27187
28836
47
4072
28899
31731
30060
2798
3795
5975
23779
23531
26876
30650
27742
9162
5548
12032
12229
14887
23583
15688
25932
26804
4688
18287
27115
30172
3342
5846
18959
17062
22098
18022
19087
32731
7632
16593
32225
15979
6092
29722
14734
24333
15919
24151
32739
9510
10202
22454
12777
28908
27194
15806
7576
25803
14621
25559
15432
31240
14532
27917
13672
18596
13881
29457
31090
1667
14819
7808
2334
461
10327
5224
15575
6805
25969
23817
8299
32696
11684
10200
14086
13064
6542
4298
15201
6314
32719
19150
12343
5565
10524
21403
21753
572
2703
5293
21186
29222
31297
5514
13709
6620
4635
9034
1446
20938
13545
4438
5470
32073
27056
30576
22275
22724
322
4340
20239
29466
14863
8541
30368
22084
22078
522
8744
9016
22525
15683
16486
9485
22549
23159
1429
8031
10945
16327
22243
23541
18112
19657
2596
15265
8873
4741
19912
20072
31871
19652
19722
14051
16261
139
25707
23781
31827
25570
31327
13151
10026
29401
20550
5504
4229
21965
24477
32544
19440
31976
6006
9310
31005
5351
3621
11400
9013
14624
31549
5180
10860
1731
3515
31437
27608
30048
29312
24296
7043
6313
7941
3704
1215
12154
13386
19910
9401
9238
3599
31205
21329
25012
21063
10829
28201
9018
5322
5574
14844
8008
25418
16008
28210
13688
19848
10656
7857
228
15815
9621
30709
29673
13697
25676
355
24875
16986
27689
23002
5593
16210
9335
8844
26931
13886
266
3084
25929
30073
4386
14759
27909
11735
30099
28408
875
11482
547
15287
6176
1833
3636
6610
32041
18237
14499
12735
27126
29790
8943
14608
12191
1486
26526
8008
621
5700
20444
31981
31900
27547
3174
30942
15967
9932
30118
6119
20261
12314
5919
10899
9243
13196
2572
19777
28658
16800
25412
11898
8162
26686
14433
3970
10735
22507
33
13101
4203
26943
21005
12020
16060
5785
18776
21064
9055
15889
3849
6183
11053
16302
20317
22252
477
19418
7782
8811
15307
30226
4089
5181
19703
24546
1735
28249
29009
4113
32458
19428
27188
18969
22243
21579
13616
31193
24001
9358
8204
1934
9732
25311
24075
10240
26018
12395
623
31993
25738
28024
1084
6651
16008
944
12094
16690
31849
10940
9805
27816
18527
23317
23248
30648
16807
25367
7552
31941
13160
21080
11375
15148
13023
12087
25160
6518
26809
10936
27352
6099
2496
18063
8397
18116
17082
8570
30910
5655
7054
24020
7532
4120
5545
22120
8520
21766
2464
5507
26933
27332
2071
16973
13454
13521
16865
30808
26219
10362
15209
15738
29728
4430
20304
2520
7431
31187
17495
5700
20352
3191
31360
25801
24373
201
29552
14211
28835
26857
14872
27060
15830
29501
28052
24341
6259
29798
29523
32106
19708
19827
5241
25689
19280
596
2689
22396
14449
5265
16167
3765
19850
30268
17285
24770
10289
10532
17020
31761
28649
24139
29269
8661
29931
10650
18856
5977
11302
7636
31613
16788
11396
25801
32434
7935
4463
10188
9373
5027
26260
23654
753
15222
230
18764
13542
14055
26854
22415
14228
9656
14882
1043
26016
17420
7164
1346
22043
24001
14253
30977
8871
3071
20362
12003
22748
28945
23429
25245
6890
26228
20214
31419
13183
20782
27548
8081
8427
4193
17886
15987
23426
14880
24151
19753
23361
6785
29842
24989
8373
10484
30482
29143
17689
26579
13462
20523
21951
25146
12955
14257
32433
15384
19745
31990
18583
2182
946
14065
28123
23128
6049
29753
2828
17138
24464
20597
11904
13150
29748
32275
2878
29595
6749
6205
21274
9271
3632
20744
31778
32288
5047
20463
30009
17591
28829
21633
3586
7718
13106
29014
5632
17907
27317
29511
30459
19926
13523
18654
20133
24776
17515
32268
19325
15453
17812
8218
20724
21587
17121
7650
9934
21611
28644
30783
14284
29815
31984
22210
9096
21173
22563
21671
10144
18523
32676
6663
9238
27763
18730
5455
16119
14569
17086
26864
27451
1507
4289
24920
22253
20304
27952
1826
1164
30916
11303
8585
5040
899
27044
15651
31984
27356
17550
2764
17668
6840
19190
10975
27431
13426
31644
14509
5823
5609
181
10791
18496
22228
2027
22494
4430
12374
23462
16686
6178
723
8586
24757
27182
28161
25153
9482
25092
12098
15994
25004
9332
14897
30001
19513
30964
16250
7985
23009
326
5616
17368
4377
5204
14809
11035
9108
16479
22156
4297
25711
14424
3647
7444
28332
12430
29722
17997
4065
28298
27792
32751
19249
4151
26606
23263
2172
20039
11060
31474
17363
15825
6949
1456
20783
21823
15770
28248
2146
14439
25883
17188
27981
4088
15024
24525
10324
28696
6645
10578
25359
4683
29549
14070
23874
26263
10520
3207
19984
16358
6472
18918
25963
8107
19376
29636
463
25800
29886
14762
28208
25008
17195
23868
15409
7624
11216
7870
3734
17940
10171
21207
26620
4367
6274
1429
20935
6618
18135
20146
28509
30361
12125
15126
20882
3611
4538
28572
7778
28857
30190
26905
24806
14464
7139
32155
5505
13458
2372
750
18011
25545
10643
15973
19472
670
13430
470
1705
12361
20050
6631
8907
28458
5915
29064
16174
1128
7019
3777
1617
31448
23505
19630
4204
19744
24171
30408
8615
31516
32439
10597
6281
3712
28582
7043
8371
21183
9202
13761
32206
17452
4274
6830
706
31327
32300
1094
2344
4571
23274
6842
32003
22766
17680
10352
20650
17368
15852
20299
27913
27695
15311
9004
29193
8065
3611
19897
23373
16700
18334
8029
23839
971
8990
12687
3498
15618
5685
32344
11881
22972
1632
4367
10719
13506
21586
13416
6537
21743
12686
16813
26641
22162
29748
30026
25540
1044
23835
27791
21830
25051
1057
12466
28292
12653
24255
29459
9707
12249
5345
24260
20952
4947
6132
9033
6223
3102
12352
7324
1775
19631
29816
15477
26405
23823
24463
6343
8865
15745
30926
17294
19462
7269
16932
20424
8166
9052
24765
10177
4589
8109
13269
6292
14940
2535
19919
14063
14265
12488
897
278
22725
2910
1491
25131
8879
30316
14728
31404
1927
24847
16731
21053
24821
11425
28238
22184
811
17374
2623
19490
31768
11589
12476
4816
21215
7361
10776
25993
23431
18569
31934
30174
29428
1349
10438
2391
14102
28018
16838
31744
3936
6151
23275
19492
6524
8793
31048
4953
20029
4412
109
4284
29397
19819
19772
10366
10824
16170
29432
31904
15136
19753
20127
762
23907
17068
25722
15490
9410
24809
15346
29131
23315
8113
11685
6348
24321
24915
22457
18403
23298
7614
11376
23066
26762
18661
20221
10408
29567
30824
12951
32187
29164
3184
12235
9332
17401
24538
1046
14899
20507
17305
28595
9494
12168
18773
26034
21436
32494
8536
586
10831
10084
4011
15216
16577
13217
15484
32680
22101
1387
25539
14108
7778
32595
10278
23275
19028
30368
3353
5827
29939
393
23625
10418
21224
30119
31291
29497
19580
10921
28208
30115
25764
21834
8525
7828
4411
3712
6392
11493
26766
23286
12421
4783
18461
18109
5650
3750
22688
26943
3759
28585
4937
25972
17859
13975
11337
